IRIDIUM 26              
1 24903U 97043A   25150.43127639  .00000461  00000+0  14848-3 0  9997
2 24903  86.3941 118.0815 0002418  91.4808 268.6667 14.37131509454198
IRIDIUM 22              
1 24907U 97043E   25150.41612219  .00000405  00000+0  13299-3 0  9999
2 24907  86.3946 121.6116 0002361  87.4870 272.6597 14.35946313454228
IRIDIUM 7               
1 24793U 97020B   25150.54704570  .00000330  00000+0  10706-3 0  9990
2 24793  86.3991 184.2967 0002383  98.7332 261.4134 14.35927527469362
IRIDIUM 5               
1 24795U 97020D   25150.56321064  .00003743  00000+0  30838-3 0  9996
2 24795  86.3882  91.8586 0107956 200.3161 159.3759 14.94226254482835
IRIDIUM 4               
1 24796U 97020E   25150.61120779  .00000314  00000+0  99785-4 0  9991
2 24796  86.3985 181.1621 0002225  93.6700 266.4752 14.36831101469947
DELTA 2 R/B             
1 24797U 97020F   25150.60977373  .00000584  00000+0  11432-3 0  9992
2 24797  86.8960   8.4958 0215546 343.3538  75.2551 14.47291405477240
IRIDIUM 7               
1 24793U 97020B   25150.54704570  .00000330  00000+0  10706-3 0  9990
2 24793  86.3991 184.2967 0002383  98.7332 261.4134 14.35927527469362
IRIDIUM 5               
1 24795U 97020D   25150.56321064  .00003743  00000+0  30838-3 0  9996
2 24795  86.3882  91.8586 0107956 200.3161 159.3759 14.94226254482835
IRIDIUM 4               
1 24796U 97020E   25150.61120779  .00000314  00000+0  99785-4 0  9991
2 24796  86.3985 181.1621 0002225  93.6700 266.4752 14.36831101469947
DELTA 2 R/B             
1 24797U 97020F   25150.60977373  .00000584  00000+0  11432-3 0  9992
2 24797  86.8960   8.4958 0215546 343.3538  75.2551 14.47291405477240
IRIDIUM 29              
1 24944U 97051A   25150.51499357  .00000427  00000+0  13914-3 0  9994
2 24944  86.3960 151.3087 0002241  84.9768 275.1685 14.36452979450736
IRIDIUM 33              
1 24946U 97051C   25150.47744830  .00000270  00000+0  88019-4 0  9995
2 24946  86.3875 150.5830 0009545 126.4069 233.8008 14.34882186450207
IRIDIUM 28              
1 24948U 97051E   25150.50006524  .00000339  00000+0  10686-3 0  9992
2 24948  86.3963 148.8419 0002616  98.0660 262.0835 14.37374116451309
IRIDIUM 33 DEB          
1 33773U 97051L   25150.53420194  .00000972  00000+0  28571-3 0  9999
2 33773  86.4012 143.6885 0013596  84.2041 276.0709 14.42747734855185
IRIDIUM 33 DEB          
1 33775U 97051N   25150.50141863  .00001652  00000+0  50906-3 0  9994
2 33775  86.3631 133.2875 0016081  90.8070  33.7692 14.40840817853141
IRIDIUM 33 DEB          
1 33776U 97051P   25150.51693824  .00000730  00000+0  23545-3 0  9990
2 33776  86.4059 163.1137 0016577 117.7234 357.0402 14.37848006852628
IRIDIUM 33 DEB          
1 33777U 97051Q   25150.34914667  .00003065  00000+0  72608-3 0  9991
2 33777  86.3781 120.4849 0005597 185.6778 174.4366 14.53771021856795
IRIDIUM 33 DEB          
1 33850U 97051T   25150.45057437  .00001712  00000+0  52133-3 0  9996
2 33850  86.3398 114.5458 0013933  93.1424  32.0958 14.41475602853241
IRIDIUM 33 DEB          
1 33853U 97051W   25150.30713745  .00001143  00000+0  64981-3 0  9996
2 33853  85.9980  75.8371 0214705 117.4701  12.1802 13.98035910826003
IRIDIUM 33 DEB          
1 33859U 97051AC  25150.54780249  .00051401  00000+0  42946-2 0  9999
2 33859  86.2964  93.9451 0019899 358.1711   1.9444 14.98136484855961
IRIDIUM 33 DEB          
1 33860U 97051AD  25150.41856737  .00008152  00000+0  15493-2 0  9995
2 33860  86.3829 113.8595 0006589 310.2280 175.5589 14.64053037858479
IRIDIUM 33 DEB          
1 33862U 97051AF  25150.38257084  .00009323  00000+0  16321-2 0  9995
2 33862  86.4087 123.8766 0054038  26.0584  92.2547 14.66767199859439
IRIDIUM 33 DEB          
1 33866U 97051AK  25150.57154299  .00004507  00000+0  18165-2 0  9991
2 33866  86.3022 175.9090 0114414  71.9262  50.2673 14.24293726840175
IRIDIUM 33 DEB          
1 33867U 97051AL  25150.24999051  .00050585  00000+0  35744-2 0  9998
2 33867  86.3776  85.0787 0019275  43.7109 316.5647 15.04531189865254
IRIDIUM 33 DEB          
1 33870U 97051AP  25150.46808919  .00002725  00000+0  77884-3 0  9993
2 33870  86.3753 142.2841 0023562 112.1028   7.0035 14.44640488853026
IRIDIUM 33 DEB          
1 33874U 97051AT  25150.36734766  .00231154  00000+0  90287-2 0  9995
2 33874  86.2200  92.3265 0013921  96.3429  27.6263 15.24810440851088
IRIDIUM 33 DEB          
1 33881U 97051BA  25150.60137097  .00015665  00000+0  36519-2 0  9999
2 33881  86.3938 191.6266 0063710 111.6729  19.8912 14.53446526846487
IRIDIUM 33 DEB          
1 33884U 97051BD  25150.63575545  .00011707  00000+0  18047-2 0  9998
2 33884  86.3634  98.1022 0008092 281.5779 255.3696 14.73306874859560
IRIDIUM 33 DEB          
1 33886U 97051BF  25150.51015792  .00000509  00000+0  16894-3 0  9997
2 33886  86.3837 149.7927 0014698 159.7711 314.9611 14.35785078852360
IRIDIUM 33 DEB          
1 33887U 97051BG  25150.55933977  .00000470  00000+0  15178-3 0  9997
2 33887  86.3033  87.9057 0007205 145.1189  33.9263 14.37000003853474
IRIDIUM 33 DEB          
1 33953U 97051BN  25150.44872919  .00004299  00000+0  10320-2 0  9993
2 33953  86.3866 138.7732 0019709  45.5424 107.4084 14.53125564854516
IRIDIUM 33 DEB          
1 33960U 97051BV  25150.41478071  .00008483  00000+0  11720-2 0  9993
2 33960  86.2608  21.2738 0004763  52.4867 124.3395 14.78007235859622
IRIDIUM 33 DEB          
1 33966U 97051CB  25150.50622346  .00001929  00000+0  50769-3 0  9990
2 33966  86.3916 130.1698 0009415 127.9763 356.2321 14.48594554856004
IRIDIUM 33 DEB          
1 34071U 97051CE  25150.58105193  .00002457  00000+0  65167-3 0  9997
2 34071  86.3439 103.0083 0009913  55.5115 304.7023 14.48334452854946
IRIDIUM 33 DEB          
1 34077U 97051CL  25150.49760296  .00007297  00000+0  14769-2 0  9992
2 34077  86.3876 137.6222 0009957 352.1487 133.9485 14.61175116854647
IRIDIUM 33 DEB          
1 34079U 97051CN  25150.35667869  .00016593  00000+0  22890-2 0  9994
2 34079  86.3784  97.5124 0004847 338.2310 185.4422 14.78084576860721
IRIDIUM 33 DEB          
1 34088U 97051CX  25150.41717156  .00021810  00000+0  28019-2 0  9993
2 34088  86.3866 120.0171 0006257 151.2863 334.5419 14.81068222858284
IRIDIUM 33 DEB          
1 34091U 97051DA  25150.28209648  .00012540  00000+0  20760-2 0  9999
2 34091  86.3544 155.5121 0036196 264.5181  95.1906 14.69776615849734
IRIDIUM 33 DEB          
1 34097U 97051DG  25150.33899291  .00004345  00000+0  15232-2 0  9992
2 34097  86.1985  87.9484 0081798 280.1643  79.0333 14.33025261843051
IRIDIUM 33 DEB          
1 34145U 97051DY  25149.94296199  .00003904  00000+0  11917-2 0  9995
2 34145  86.2128  60.0072 0056613  24.2884 336.0964 14.40774686848031
IRIDIUM 33 DEB          
1 34146U 97051DZ  25150.32204300  .00002849  00000+0  76675-3 0  9993
2 34146  86.2832  76.4062 0028985 154.8892 334.1987 14.47464158852647
IRIDIUM 33 DEB          
1 34159U 97051EN  25150.38400897  .00001151  00000+0  37360-3 0  9995
2 34159  86.3502 131.9228 0027146 207.1978 152.7800 14.37898364851378
IRIDIUM 33 DEB          
1 34350U 97051ES  25150.58866142  .00001382  00000+0  39107-3 0  9996
2 34350  86.3265  87.8673 0023789  71.2988 108.4104 14.44791001854602
IRIDIUM 33 DEB          
1 34366U 97051FJ  25150.44838211  .00005313  00000+0  13112-2 0  9999
2 34366  86.3704 134.4910 0024373  82.0721  42.1907 14.51794121853322
IRIDIUM 33 DEB          
1 34375U 97051FT  25150.33855406  .00000847  00000+0  38726-3 0  9998
2 34375  86.4291 261.8365 0103286  32.5146  21.1629 14.17534593839290
IRIDIUM 33 DEB          
1 34376U 97051FU  25150.58169382  .00009048  00000+0  19196-2 0  9998
2 34376  86.3009  94.3771 0030497 116.2966 244.1382 14.58766700851446
IRIDIUM 33 DEB          
1 34486U 97051GB  25149.86232065  .00020999  00000+0  23887-2 0  9998
2 34486  86.3952 102.0274 0015719  96.1606 320.9118 14.86038696860556
IRIDIUM 33 DEB          
1 34487U 97051GC  25149.31221672  .00000764  00000+0  22146-3 0  9997
2 34487  86.3417  97.3541 0033359  65.1840  86.6623 14.42871017854017
IRIDIUM 33 DEB          
1 34488U 97051GD  25150.14531287  .00039167  00000+0  28984-2 0  9991
2 34488  86.3275  40.4760 0014301  17.5256 342.6468 15.02912342862699
IRIDIUM 33 DEB          
1 34492U 97051GH  25150.22273378  .00011347  00000+0  43519-2 0  9990
2 34492  86.4683  53.5786 0207320 146.6718 342.4385 14.19303857822664
IRIDIUM 33 DEB          
1 34497U 97051GN  25149.24665419  .00001405  00000+0  55592-3 0  9995
2 34497  86.2784 136.7003 0078951 253.8502 116.2711 14.26635450840679
IRIDIUM 33 DEB          
1 34508U 97051GZ  25150.58456725  .00003386  00000+0  11088-2 0  9996
2 34508  86.3748 185.5806 0069834  96.5388 264.3766 14.36818179844918
IRIDIUM 33 DEB          
1 34521U 97051HN  25150.39057029  .00006063  00000+0  12419-2 0  9998
2 34521  86.3800 116.7609 0002714 151.8760 208.2597 14.60642047856044
IRIDIUM 33 DEB          
1 34525U 97051HS  25150.46761230  .00001379  00000+0  41202-3 0  9994
2 34525  86.3721 130.5797 0005899  43.0981  86.0025 14.42285359852588
IRIDIUM 33 DEB          
1 34529U 97051HW  25150.39155689  .00000823  00000+0  25307-3 0  9996
2 34529  86.3624 119.1147 0007210 116.6216 243.5723 14.40371026853157
IRIDIUM 33 DEB          
1 34538U 97051JF  25150.28766671  .00002635  00000+0  80473-3 0  9991
2 34538  86.2760  91.4712 0032901 250.3091 262.6938 14.41269337849257
IRIDIUM 33 DEB          
1 34540U 97051JH  25150.14071843  .00007842  00000+0  12629-2 0  9991
2 34540  86.3147  37.0736 0019824 126.0182  36.2266 14.71266016861270
IRIDIUM 33 DEB          
1 34648U 97051JZ  25148.31217712  .00002541  00000+0  12535-2 0  9990
2 34648  86.3979   1.6692 0188129 198.2978 161.1377 14.08378113821661
IRIDIUM 33 DEB          
1 34651U 97051KC  25148.64238580  .00006085  00000+0  23631-2 0  9992
2 34651  86.2841 224.5656 0155086 119.3021 242.3768 14.23359237830958
IRIDIUM 33 DEB          
1 34652U 97051KD  25150.52603303  .00003643  00000+0  74972-3 0  9994
2 34652  86.3307  67.1694 0026502 241.4552 242.3563 14.60096661856193
IRIDIUM 33 DEB          
1 34690U 97051KM  25150.37962116  .00004131  00000+0  97495-3 0  9997
2 34690  86.3768 122.2741 0007876 325.8184 186.2198 14.54017364852409
IRIDIUM 33 DEB          
1 34693U 97051KQ  25150.47703088  .00037989  00000+0  28791-2 0  9991
2 34693  86.3217  38.5529 0014895  25.6456 151.5019 15.02006755859512
IRIDIUM 33 DEB          
1 34696U 97051KT  25150.19255878  .00023745  00000+0  52947-2 0  9997
2 34696  86.1909 117.9444 0088355 110.7836 309.4481 14.54319093838083
IRIDIUM 33 DEB          
1 34702U 97051KZ  25150.54689384  .00498328  00000+0  53396-2 0  9999
2 34702  86.2733 347.8536 0009235 208.3674 151.7091 15.62225134865398
IRIDIUM 33 DEB          
1 34765U 97051LJ  25150.20299978  .00001391  00000+0  43633-3 0  9991
2 34765  86.3375 117.0639 0018013 138.6178 283.6554 14.39829502847851
IRIDIUM 33 DEB          
1 34775U 97051LU  25150.37498093  .00062787  00000+0  49920-2 0  9999
2 34775  86.3245 112.5459 0009118 176.7456 309.0032 15.00113393854110
IRIDIUM 33 DEB          
1 34833U 97051MH  25149.72470874  .00003625  00000+0  91119-3 0  9992
2 34833  86.3930 135.7837 0021843  43.5556  12.7418 14.50888943848577
IRIDIUM 33 DEB          
1 34870U 97051MQ  25150.45404980  .00008652  00000+0  13590-2 0  9991
2 34870  86.3134  43.5819 0019662 147.0832  26.4782 14.72364368860195
IRIDIUM 33 DEB          
1 34896U 97051MY  25150.50568954  .00004158  00000+0  78341-3 0  9990
2 34896  86.3306  54.4681 0027413 165.1501  11.5114 14.64098494847463
IRIDIUM 33 DEB          
1 34926U 97051NF  25150.20374141  .00010716  00000+0  27776-2 0  9996
2 34926  86.1386  98.6473 0089041 224.9812 202.3338 14.47336391836093
IRIDIUM 33 DEB          
1 34928U 97051NH  25147.08621454  .00043116  00000+0  24209-2 0  9990
2 34928  86.3820  68.3308 0009575 342.2811  17.8093 15.13109279632322
IRIDIUM 33 DEB          
1 34985U 97051NR  25148.43423178  .00001436  00000+0  43915-3 0  9991
2 34985  86.3696 141.3971 0023015 153.4588   0.3410 14.41054610843188
IRIDIUM 33 DEB          
1 35051U 97051NX  25149.17480426  .00002258  00000+0  62176-3 0  9990
2 35051  86.3227  94.8896 0010263  39.7611 320.4342 14.46506548841393
IRIDIUM 33 DEB          
1 35052U 97051NY  25150.60349488  .00000645  00000+0  20593-3 0  9998
2 35052  86.3290 104.5530 0012171  18.0290 342.1337 14.38195945844564
IRIDIUM 33 DEB          
1 35080U 97051PF  25149.71269602  .00042686  00000+0  75789-2 0  9995
2 35080  86.2146 144.5408 0087969 138.1644 222.6337 14.64463584667882
IRIDIUM 33 DEB          
1 35297U 97051PM  25149.31941713  .00002079  00000+0  60005-3 0  9999
2 35297  86.3934 146.9324 0017166  76.6041 283.7073 14.44133008841826
IRIDIUM 33 DEB          
1 35299U 97051PP  25150.35669539  .00005827  00000+0  18243-2 0  9990
2 35299  86.2889 118.5678 0058164  31.8976 120.6336 14.39558743835045
IRIDIUM 33 DEB          
1 35480U 97051QA  25149.31563534  .00002543  00000+0  66921-3 0  9993
2 35480  86.3546 110.4265 0015825  51.4970 308.7650 14.48684632841727
IRIDIUM 33 DEB          
1 35484U 97051QE  25149.54469066  .00026356  00000+0  29036-2 0  9990
2 35484  86.3645  83.9555 0027150 111.5125 248.8998 14.87144991850205
IRIDIUM 33 DEB          
1 35488U 97051QJ  25148.92228202  .00007393  00000+0  99488-3 0  9999
2 35488  86.3286  31.6535 0030519  18.4169 341.8148 14.78776775853399
IRIDIUM 33 DEB          
1 35616U 97051QN  25147.54385068  .00007882  00000+0  11317-2 0  9990
2 35616  86.3564  76.1846 0012014 144.2509 215.9517 14.76312054846315
IRIDIUM 33 DEB          
1 35618U 97051QQ  25150.53148441  .00001782  00000+0  43981-3 0  9993
2 35618  86.3422  79.2123 0027671 319.9595  39.9570 14.51383792625478
IRIDIUM 33 DEB          
1 35620U 97051QS  25148.71068844  .00011665  00000+0  38182-2 0  9998
2 35620  86.3875 300.4432 0158964 179.3780 180.7644 14.31425016816146
IRIDIUM 33 DEB          
1 35622U 97051QU  25150.34580883  .00025190  00000+0  29334-2 0  9991
2 35622  86.2119 358.3246 0011721 262.3523 271.3711 14.85099971844318
IRIDIUM 33 DEB          
1 35628U 97051RA  25150.56013830  .00006669  00000+0  12605-2 0  9997
2 35628  86.3563  96.2963 0010025 289.2018  70.8109 14.64263482835731
IRIDIUM 33 DEB          
1 35631U 97051RD  25149.33265729  .00001189  00000+0  32220-3 0  9998
2 35631  86.3651 105.9487 0019233  62.7921  90.3003 14.46806858843424
IRIDIUM 33 DEB          
1 35680U 97051RJ  25144.87857495  .00001927  00000+0  82045-3 0  9993
2 35680  86.1022 110.6473 0158267 199.5753 189.8081 14.18223153578389
IRIDIUM 33 DEB          
1 35744U 97051RX  25150.45455047  .00005658  00000+0  97817-3 0  9990
2 35744  86.3307  53.8378 0023460 149.7228 210.5348 14.68057880844493
IRIDIUM 33 DEB          
1 35797U 97051SF  25148.47531267  .00010081  00000+0  14176-2 0  9998
2 35797  86.3389  60.5368 0015761 127.8632 232.4016 14.77185368844090
IRIDIUM 33 DEB          
1 35806U 97051SQ  25138.19823412  .00006851  00000+0  15876-2 0  9991
2 35806  86.3424 112.2547 0016931  59.4322 300.8553 14.54874194832901
IRIDIUM 33 DEB          
1 35809U 97051ST  25150.47964683  .00008172  00000+0  13183-2 0  9992
2 35809  86.3293  64.3098 0012003 198.5571 161.5209 14.71283339839184
IRIDIUM 33 DEB          
1 35846U 97051SW  25145.96175243  .00001461  00000+0  43655-3 0  9999
2 35846  86.3760 144.4350 0020274 115.6172 244.7126 14.42229050684347
IRIDIUM 33 DEB          
1 35848U 97051SY  25147.16774955  .00007514  00000+0  11488-2 0  9993
2 35848  86.3902 105.4558 0009222 166.2452 193.9018 14.73627691637471
IRIDIUM 33 DEB          
1 35850U 97051TA  25149.52399478  .00011045  00000+0  16741-2 0  9992
2 35850  86.3504  73.5275 0011461 155.8681 204.3076 14.74013923684481
IRIDIUM 33 DEB          
1 35911U 97051TU  25150.52148463  .00076467  00000+0  65443-2 0  9990
2 35911  86.2066  72.6373 0034853  13.8978 346.3203 14.96758942841410
IRIDIUM 33 DEB          
1 35915U 97051TY  25150.48554794  .00009972  00000+0  14657-2 0  9995
2 35915  86.3450  72.1459 0013636 154.9446 205.2437 14.75311688 51880
IRIDIUM 33 DEB          
1 35918U 97051UB  25150.27528868  .00004191  00000+0  10852-2 0  9999
2 35918  86.4046 159.9452 0029572 107.9590 266.6950 14.49399187823605
IRIDIUM 33 DEB          
1 35929U 97051UN  25150.01297773  .00021771  00000+0  21633-2 0  9993
2 35929  86.3388  44.8149 0019461  20.3762 339.8238 14.91457605848397
IRIDIUM 33 DEB          
1 36011U 97051US  25144.71846361  .00001261  00000+0  38899-3 0  9994
2 36011  86.3362 122.1424 0020161 159.0996 321.3715 14.40565869616313
IRIDIUM 33 DEB          
1 36012U 97051UT  25149.07567226  .00006183  00000+0  25648-2 0  9994
2 36012  86.4445  26.7284 0228337 167.9909 192.6853 14.13270859626884
IRIDIUM 33 DEB          
1 36028U 97051VK  25150.44255404  .00017937  00000+0  19927-2 0  9998
2 36028  86.3265  38.2002 0022508  33.4615 326.8026 14.86916412842019
IRIDIUM 33 DEB          
1 36080U 97051VM  25144.59763789  .00001892  00000+0  53033-3 0  9995
2 36080  86.3179  95.9641 0019514 112.0730 248.2547 14.45478050826580
IRIDIUM 33 DEB          
1 36083U 97051VQ  25141.20758991  .00001584  00000+0  47259-3 0  9993
2 36083  86.3412 122.5760 0026624 180.5837 179.5337 14.42279247824866
IRIDIUM 33 DEB          
1 36390U 97051VU  25146.40616795  .00004755  00000+0  77164-3 0  9997
2 36390  86.2977  30.8800 0033724 136.9543 223.4320 14.70603936633154
IRIDIUM 33 DEB          
1 36483U 97051VZ  25149.23504660  .00002047  00000+0  58175-3 0  9994
2 36483  86.3860 136.9659 0011973  72.6867 287.5644 14.44929428622938
IRIDIUM 33 DEB          
1 36490U 97051WG  25149.60523210  .00012036  00000+0  19454-2 0  9990
2 36490  86.3659  98.9611 0005622  56.6514 303.5240 14.71256494835801
IRIDIUM 33 DEB          
1 36493U 97051WK  25150.14720934  .00007155  00000+0  14143-2 0  9992
2 36493  86.3566  98.7821 0009149 314.8375  45.2092 14.62252637716431
IRIDIUM 33 DEB          
1 37548U 97051XH  25139.26183914  .00003776  00000+0  98125-3 0  9993
2 37548  86.3510 133.4909 0026028 162.0199 198.1932 14.49255925625256
IRIDIUM 33 DEB          
1 37550U 97051XK  25148.15960207  .00006187  00000+0  11785-2 0  9997
2 37550  86.3770 111.6221 0006158  81.9463 278.2448 14.63922344834231
IRIDIUM 33 DEB          
1 37562U 97051XX  25144.27389069  .00003850  00000+0  90037-3 0  9992
2 37562  86.3729 131.6969 0027982  71.4562 352.2139 14.54195150833844
IRIDIUM 33 DEB          
1 37565U 97051YA  25145.16186473  .00001885  00000+0  47665-3 0  9993
2 37565  86.3464  97.3042 0015199  45.2680 314.9759 14.50434590629149
IRIDIUM 33 DEB          
1 38017U 97051YD  25149.56191715  .00013825  00000+0  40744-2 0  9996
2 38017  86.3378 251.1530 0115595  37.9120 323.0146 14.39684399585587
IRIDIUM 33 DEB          
1 38022U 97051YJ  25149.61485600  .00004358  00000+0  13700-2 0  9990
2 38022  86.2693 102.6300 0045774 339.6874  20.2502 14.39689695663567
IRIDIUM 33 DEB          
1 38028U 97051YQ  25150.53990135  .00001187  00000+0  32921-3 0  9997
2 38028  86.3218  85.4963 0031102  58.1076 302.3145 14.45504755626608
IRIDIUM 33 DEB          
1 38228U 97051ZC  25150.22187110  .00000731  00000+0  28661-3 0  9996
2 38228  86.2944 131.9868 0066586 103.6299 273.6016 14.26853582823489
IRIDIUM 33 DEB          
1 38241U 97051ZR  25149.06155894  .00002760  00000+0  65846-3 0  9995
2 38241  86.3213  77.6699 0004756  37.3692 322.7844 14.53410662573286
IRIDIUM 33 DEB          
1 38474U 97051AAB 25150.56792280  .00002982  00000+0  76814-3 0  9999
2 38474  86.3408  95.4660 0027900  29.3392 330.9371 14.49576000624759
IRIDIUM 33 DEB          
1 39777U 97051AAJ 25150.29089388  .00016153  00000+0  38282-2 0  9995
2 39777  85.9593 270.0615 0065858 128.5636 232.1496 14.52593816573307
IRIDIUM 33 DEB          
1 39778U 97051AAK 25149.22105947  .00003724  00000+0  90852-3 0  9999
2 39778  86.3780 128.8282 0006929 350.4512   9.6561 14.52439401578241
IRIDIUM 33 DEB          
1 39781U 97051AAN 25147.27151017  .00003887  00000+0  16270-2 0  9996
2 39781  86.3742 339.7894 0180445 182.0072 356.1139 14.17437594 52791
IRIDIUM 33 DEB          
1 39783U 97051AAQ 25147.85075368  .00030779  00000+0  29697-2 0  9993
2 39783  86.1493 354.8422 0021425 151.1515 222.8646 14.92564654578099
IRIDIUM 33 DEB          
1 40996U 97051ABJ 25146.80744395  .00015463  00000+0  18212-2 0  9992
2 40996  86.3548  93.7127 0013616  52.0321 337.2912 14.84644209595135
IRIDIUM 33 DEB          
1 40998U 97051ABL 25144.31392686  .00001493  00000+0  42902-3 0  9992
2 40998  86.3832 140.0580 0009152  43.1989  16.4883 14.44246368 37597
IRIDIUM 33 DEB          
1 46435U 97051ABN 25148.13672426  .00006693  00000+0  22241-2 0  9991
2 46435  86.2758 278.7273 0219183 195.0373 342.5722 14.24879065 50835
IRIDIUM 33 DEB          
1 46734U 97051ABR 25148.10070432  .00002446  00000+0  75765-3 0  9991
2 46734  86.2624  89.9492 0038235 267.2237 110.0807 14.40446345601509
IRIDIUM 33 DEB          
1 46965U 97051ABX 25150.52881258  .00003143  00000+0  66832-3 0  9992
2 46965  86.3366  67.5541 0017168 273.9121 266.0056 14.58699322594068
IRIDIUM 33 DEB          
1 46972U 97051ACE 25126.27822774  .00002724  00000+0  70453-3 0  9991
2 46972  86.3879 134.2217 0011542 117.5764 257.7576 14.49554997744624
IRIDIUM 33 DEB          
1 46974U 97051ACG 25148.84329332  .00008036  00000+0  23892-2 0  9998
2 46974  86.3054 191.1408 0104434 118.1184 243.0617 14.39938662546573
IRIDIUM 33 DEB          
1 46979U 97051ACM 25148.24479410  .00019370  00000+0  28088-2 0  9995
2 46979  86.3409 139.4162 0033220 201.3997 158.5835 14.75569850324918
IRIDIUM 29              
1 24944U 97051A   25150.51499357  .00000427  00000+0  13914-3 0  9994
2 24944  86.3960 151.3087 0002241  84.9768 275.1685 14.36452979450736
IRIDIUM 33              
1 24946U 97051C   25150.47744830  .00000270  00000+0  88019-4 0  9995
2 24946  86.3875 150.5830 0009545 126.4069 233.8008 14.34882186450207
IRIDIUM 28              
1 24948U 97051E   25150.50006524  .00000339  00000+0  10686-3 0  9992
2 24948  86.3963 148.8419 0002616  98.0660 262.0835 14.37374116451309
IRIDIUM 33 DEB          
1 33773U 97051L   25150.53420194  .00000972  00000+0  28571-3 0  9999
2 33773  86.4012 143.6885 0013596  84.2041 276.0709 14.42747734855185
IRIDIUM 33 DEB          
1 33775U 97051N   25150.50141863  .00001652  00000+0  50906-3 0  9994
2 33775  86.3631 133.2875 0016081  90.8070  33.7692 14.40840817853141
IRIDIUM 33 DEB          
1 33776U 97051P   25150.51693824  .00000730  00000+0  23545-3 0  9990
2 33776  86.4059 163.1137 0016577 117.7234 357.0402 14.37848006852628
IRIDIUM 33 DEB          
1 33777U 97051Q   25150.34914667  .00003065  00000+0  72608-3 0  9991
2 33777  86.3781 120.4849 0005597 185.6778 174.4366 14.53771021856795
IRIDIUM 33 DEB          
1 33850U 97051T   25150.45057437  .00001712  00000+0  52133-3 0  9996
2 33850  86.3398 114.5458 0013933  93.1424  32.0958 14.41475602853241
IRIDIUM 33 DEB          
1 33853U 97051W   25150.30713745  .00001143  00000+0  64981-3 0  9996
2 33853  85.9980  75.8371 0214705 117.4701  12.1802 13.98035910826003
IRIDIUM 33 DEB          
1 33859U 97051AC  25150.54780249  .00051401  00000+0  42946-2 0  9999
2 33859  86.2964  93.9451 0019899 358.1711   1.9444 14.98136484855961
IRIDIUM 33 DEB          
1 33860U 97051AD  25150.41856737  .00008152  00000+0  15493-2 0  9995
2 33860  86.3829 113.8595 0006589 310.2280 175.5589 14.64053037858479
IRIDIUM 33 DEB          
1 33862U 97051AF  25150.38257084  .00009323  00000+0  16321-2 0  9995
2 33862  86.4087 123.8766 0054038  26.0584  92.2547 14.66767199859439
IRIDIUM 33 DEB          
1 33866U 97051AK  25150.57154299  .00004507  00000+0  18165-2 0  9991
2 33866  86.3022 175.9090 0114414  71.9262  50.2673 14.24293726840175
IRIDIUM 33 DEB          
1 33867U 97051AL  25150.24999051  .00050585  00000+0  35744-2 0  9998
2 33867  86.3776  85.0787 0019275  43.7109 316.5647 15.04531189865254
IRIDIUM 33 DEB          
1 33870U 97051AP  25150.46808919  .00002725  00000+0  77884-3 0  9993
2 33870  86.3753 142.2841 0023562 112.1028   7.0035 14.44640488853026
IRIDIUM 33 DEB          
1 33874U 97051AT  25150.36734766  .00231154  00000+0  90287-2 0  9995
2 33874  86.2200  92.3265 0013921  96.3429  27.6263 15.24810440851088
IRIDIUM 33 DEB          
1 33881U 97051BA  25150.60137097  .00015665  00000+0  36519-2 0  9999
2 33881  86.3938 191.6266 0063710 111.6729  19.8912 14.53446526846487
IRIDIUM 33 DEB          
1 33884U 97051BD  25150.63575545  .00011707  00000+0  18047-2 0  9998
2 33884  86.3634  98.1022 0008092 281.5779 255.3696 14.73306874859560
IRIDIUM 33 DEB          
1 33886U 97051BF  25150.51015792  .00000509  00000+0  16894-3 0  9997
2 33886  86.3837 149.7927 0014698 159.7711 314.9611 14.35785078852360
IRIDIUM 33 DEB          
1 33887U 97051BG  25150.55933977  .00000470  00000+0  15178-3 0  9997
2 33887  86.3033  87.9057 0007205 145.1189  33.9263 14.37000003853474
IRIDIUM 33 DEB          
1 33953U 97051BN  25150.44872919  .00004299  00000+0  10320-2 0  9993
2 33953  86.3866 138.7732 0019709  45.5424 107.4084 14.53125564854516
IRIDIUM 33 DEB          
1 33960U 97051BV  25150.41478071  .00008483  00000+0  11720-2 0  9993
2 33960  86.2608  21.2738 0004763  52.4867 124.3395 14.78007235859622
IRIDIUM 33 DEB          
1 33966U 97051CB  25150.50622346  .00001929  00000+0  50769-3 0  9990
2 33966  86.3916 130.1698 0009415 127.9763 356.2321 14.48594554856004
IRIDIUM 33 DEB          
1 34071U 97051CE  25150.58105193  .00002457  00000+0  65167-3 0  9997
2 34071  86.3439 103.0083 0009913  55.5115 304.7023 14.48334452854946
IRIDIUM 33 DEB          
1 34077U 97051CL  25150.49760296  .00007297  00000+0  14769-2 0  9992
2 34077  86.3876 137.6222 0009957 352.1487 133.9485 14.61175116854647
IRIDIUM 33 DEB          
1 34079U 97051CN  25150.35667869  .00016593  00000+0  22890-2 0  9994
2 34079  86.3784  97.5124 0004847 338.2310 185.4422 14.78084576860721
IRIDIUM 33 DEB          
1 34088U 97051CX  25150.41717156  .00021810  00000+0  28019-2 0  9993
2 34088  86.3866 120.0171 0006257 151.2863 334.5419 14.81068222858284
IRIDIUM 33 DEB          
1 34091U 97051DA  25150.28209648  .00012540  00000+0  20760-2 0  9999
2 34091  86.3544 155.5121 0036196 264.5181  95.1906 14.69776615849734
IRIDIUM 33 DEB          
1 34097U 97051DG  25150.33899291  .00004345  00000+0  15232-2 0  9992
2 34097  86.1985  87.9484 0081798 280.1643  79.0333 14.33025261843051
IRIDIUM 33 DEB          
1 34145U 97051DY  25149.94296199  .00003904  00000+0  11917-2 0  9995
2 34145  86.2128  60.0072 0056613  24.2884 336.0964 14.40774686848031
IRIDIUM 33 DEB          
1 34146U 97051DZ  25150.32204300  .00002849  00000+0  76675-3 0  9993
2 34146  86.2832  76.4062 0028985 154.8892 334.1987 14.47464158852647
IRIDIUM 33 DEB          
1 34159U 97051EN  25150.38400897  .00001151  00000+0  37360-3 0  9995
2 34159  86.3502 131.9228 0027146 207.1978 152.7800 14.37898364851378
IRIDIUM 33 DEB          
1 34350U 97051ES  25150.58866142  .00001382  00000+0  39107-3 0  9996
2 34350  86.3265  87.8673 0023789  71.2988 108.4104 14.44791001854602
IRIDIUM 33 DEB          
1 34366U 97051FJ  25150.44838211  .00005313  00000+0  13112-2 0  9999
2 34366  86.3704 134.4910 0024373  82.0721  42.1907 14.51794121853322
IRIDIUM 33 DEB          
1 34375U 97051FT  25150.33855406  .00000847  00000+0  38726-3 0  9998
2 34375  86.4291 261.8365 0103286  32.5146  21.1629 14.17534593839290
IRIDIUM 33 DEB          
1 34376U 97051FU  25150.58169382  .00009048  00000+0  19196-2 0  9998
2 34376  86.3009  94.3771 0030497 116.2966 244.1382 14.58766700851446
IRIDIUM 33 DEB          
1 34486U 97051GB  25149.86232065  .00020999  00000+0  23887-2 0  9998
2 34486  86.3952 102.0274 0015719  96.1606 320.9118 14.86038696860556
IRIDIUM 33 DEB          
1 34487U 97051GC  25149.31221672  .00000764  00000+0  22146-3 0  9997
2 34487  86.3417  97.3541 0033359  65.1840  86.6623 14.42871017854017
IRIDIUM 33 DEB          
1 34488U 97051GD  25150.14531287  .00039167  00000+0  28984-2 0  9991
2 34488  86.3275  40.4760 0014301  17.5256 342.6468 15.02912342862699
IRIDIUM 33 DEB          
1 34492U 97051GH  25150.22273378  .00011347  00000+0  43519-2 0  9990
2 34492  86.4683  53.5786 0207320 146.6718 342.4385 14.19303857822664
IRIDIUM 33 DEB          
1 34497U 97051GN  25149.24665419  .00001405  00000+0  55592-3 0  9995
2 34497  86.2784 136.7003 0078951 253.8502 116.2711 14.26635450840679
IRIDIUM 33 DEB          
1 34508U 97051GZ  25150.58456725  .00003386  00000+0  11088-2 0  9996
2 34508  86.3748 185.5806 0069834  96.5388 264.3766 14.36818179844918
IRIDIUM 33 DEB          
1 34521U 97051HN  25150.39057029  .00006063  00000+0  12419-2 0  9998
2 34521  86.3800 116.7609 0002714 151.8760 208.2597 14.60642047856044
IRIDIUM 33 DEB          
1 34525U 97051HS  25150.46761230  .00001379  00000+0  41202-3 0  9994
2 34525  86.3721 130.5797 0005899  43.0981  86.0025 14.42285359852588
IRIDIUM 33 DEB          
1 34529U 97051HW  25150.39155689  .00000823  00000+0  25307-3 0  9996
2 34529  86.3624 119.1147 0007210 116.6216 243.5723 14.40371026853157
IRIDIUM 33 DEB          
1 34538U 97051JF  25150.28766671  .00002635  00000+0  80473-3 0  9991
2 34538  86.2760  91.4712 0032901 250.3091 262.6938 14.41269337849257
IRIDIUM 33 DEB          
1 34540U 97051JH  25150.14071843  .00007842  00000+0  12629-2 0  9991
2 34540  86.3147  37.0736 0019824 126.0182  36.2266 14.71266016861270
IRIDIUM 33 DEB          
1 34648U 97051JZ  25148.31217712  .00002541  00000+0  12535-2 0  9990
2 34648  86.3979   1.6692 0188129 198.2978 161.1377 14.08378113821661
IRIDIUM 33 DEB          
1 34651U 97051KC  25148.64238580  .00006085  00000+0  23631-2 0  9992
2 34651  86.2841 224.5656 0155086 119.3021 242.3768 14.23359237830958
IRIDIUM 33 DEB          
1 34652U 97051KD  25150.52603303  .00003643  00000+0  74972-3 0  9994
2 34652  86.3307  67.1694 0026502 241.4552 242.3563 14.60096661856193
IRIDIUM 33 DEB          
1 34690U 97051KM  25150.37962116  .00004131  00000+0  97495-3 0  9997
2 34690  86.3768 122.2741 0007876 325.8184 186.2198 14.54017364852409
IRIDIUM 33 DEB          
1 34693U 97051KQ  25150.47703088  .00037989  00000+0  28791-2 0  9991
2 34693  86.3217  38.5529 0014895  25.6456 151.5019 15.02006755859512
IRIDIUM 33 DEB          
1 34696U 97051KT  25150.19255878  .00023745  00000+0  52947-2 0  9997
2 34696  86.1909 117.9444 0088355 110.7836 309.4481 14.54319093838083
IRIDIUM 33 DEB          
1 34702U 97051KZ  25150.54689384  .00498328  00000+0  53396-2 0  9999
2 34702  86.2733 347.8536 0009235 208.3674 151.7091 15.62225134865398
IRIDIUM 33 DEB          
1 34765U 97051LJ  25150.20299978  .00001391  00000+0  43633-3 0  9991
2 34765  86.3375 117.0639 0018013 138.6178 283.6554 14.39829502847851
IRIDIUM 33 DEB          
1 34775U 97051LU  25150.37498093  .00062787  00000+0  49920-2 0  9999
2 34775  86.3245 112.5459 0009118 176.7456 309.0032 15.00113393854110
IRIDIUM 33 DEB          
1 34833U 97051MH  25149.72470874  .00003625  00000+0  91119-3 0  9992
2 34833  86.3930 135.7837 0021843  43.5556  12.7418 14.50888943848577
IRIDIUM 33 DEB          
1 34870U 97051MQ  25150.45404980  .00008652  00000+0  13590-2 0  9991
2 34870  86.3134  43.5819 0019662 147.0832  26.4782 14.72364368860195
IRIDIUM 33 DEB          
1 34896U 97051MY  25150.50568954  .00004158  00000+0  78341-3 0  9990
2 34896  86.3306  54.4681 0027413 165.1501  11.5114 14.64098494847463
IRIDIUM 33 DEB          
1 34926U 97051NF  25150.20374141  .00010716  00000+0  27776-2 0  9996
2 34926  86.1386  98.6473 0089041 224.9812 202.3338 14.47336391836093
IRIDIUM 33 DEB          
1 34928U 97051NH  25147.08621454  .00043116  00000+0  24209-2 0  9990
2 34928  86.3820  68.3308 0009575 342.2811  17.8093 15.13109279632322
IRIDIUM 33 DEB          
1 34985U 97051NR  25148.43423178  .00001436  00000+0  43915-3 0  9991
2 34985  86.3696 141.3971 0023015 153.4588   0.3410 14.41054610843188
IRIDIUM 33 DEB          
1 35051U 97051NX  25149.17480426  .00002258  00000+0  62176-3 0  9990
2 35051  86.3227  94.8896 0010263  39.7611 320.4342 14.46506548841393
IRIDIUM 33 DEB          
1 35052U 97051NY  25150.60349488  .00000645  00000+0  20593-3 0  9998
2 35052  86.3290 104.5530 0012171  18.0290 342.1337 14.38195945844564
IRIDIUM 33 DEB          
1 35080U 97051PF  25149.71269602  .00042686  00000+0  75789-2 0  9995
2 35080  86.2146 144.5408 0087969 138.1644 222.6337 14.64463584667882
IRIDIUM 33 DEB          
1 35297U 97051PM  25149.31941713  .00002079  00000+0  60005-3 0  9999
2 35297  86.3934 146.9324 0017166  76.6041 283.7073 14.44133008841826
IRIDIUM 33 DEB          
1 35299U 97051PP  25150.35669539  .00005827  00000+0  18243-2 0  9990
2 35299  86.2889 118.5678 0058164  31.8976 120.6336 14.39558743835045
IRIDIUM 33 DEB          
1 35480U 97051QA  25149.31563534  .00002543  00000+0  66921-3 0  9993
2 35480  86.3546 110.4265 0015825  51.4970 308.7650 14.48684632841727
IRIDIUM 33 DEB          
1 35484U 97051QE  25149.54469066  .00026356  00000+0  29036-2 0  9990
2 35484  86.3645  83.9555 0027150 111.5125 248.8998 14.87144991850205
IRIDIUM 33 DEB          
1 35488U 97051QJ  25148.92228202  .00007393  00000+0  99488-3 0  9999
2 35488  86.3286  31.6535 0030519  18.4169 341.8148 14.78776775853399
IRIDIUM 33 DEB          
1 35616U 97051QN  25147.54385068  .00007882  00000+0  11317-2 0  9990
2 35616  86.3564  76.1846 0012014 144.2509 215.9517 14.76312054846315
IRIDIUM 33 DEB          
1 35618U 97051QQ  25150.53148441  .00001782  00000+0  43981-3 0  9993
2 35618  86.3422  79.2123 0027671 319.9595  39.9570 14.51383792625478
IRIDIUM 33 DEB          
1 35620U 97051QS  25148.71068844  .00011665  00000+0  38182-2 0  9998
2 35620  86.3875 300.4432 0158964 179.3780 180.7644 14.31425016816146
IRIDIUM 33 DEB          
1 35622U 97051QU  25150.34580883  .00025190  00000+0  29334-2 0  9991
2 35622  86.2119 358.3246 0011721 262.3523 271.3711 14.85099971844318
IRIDIUM 33 DEB          
1 35628U 97051RA  25150.56013830  .00006669  00000+0  12605-2 0  9997
2 35628  86.3563  96.2963 0010025 289.2018  70.8109 14.64263482835731
IRIDIUM 33 DEB          
1 35631U 97051RD  25149.33265729  .00001189  00000+0  32220-3 0  9998
2 35631  86.3651 105.9487 0019233  62.7921  90.3003 14.46806858843424
IRIDIUM 33 DEB          
1 35680U 97051RJ  25144.87857495  .00001927  00000+0  82045-3 0  9993
2 35680  86.1022 110.6473 0158267 199.5753 189.8081 14.18223153578389
IRIDIUM 33 DEB          
1 35744U 97051RX  25150.45455047  .00005658  00000+0  97817-3 0  9990
2 35744  86.3307  53.8378 0023460 149.7228 210.5348 14.68057880844493
IRIDIUM 33 DEB          
1 35797U 97051SF  25148.47531267  .00010081  00000+0  14176-2 0  9998
2 35797  86.3389  60.5368 0015761 127.8632 232.4016 14.77185368844090
IRIDIUM 33 DEB          
1 35806U 97051SQ  25138.19823412  .00006851  00000+0  15876-2 0  9991
2 35806  86.3424 112.2547 0016931  59.4322 300.8553 14.54874194832901
IRIDIUM 33 DEB          
1 35809U 97051ST  25150.47964683  .00008172  00000+0  13183-2 0  9992
2 35809  86.3293  64.3098 0012003 198.5571 161.5209 14.71283339839184
IRIDIUM 33 DEB          
1 35846U 97051SW  25145.96175243  .00001461  00000+0  43655-3 0  9999
2 35846  86.3760 144.4350 0020274 115.6172 244.7126 14.42229050684347
IRIDIUM 33 DEB          
1 35848U 97051SY  25147.16774955  .00007514  00000+0  11488-2 0  9993
2 35848  86.3902 105.4558 0009222 166.2452 193.9018 14.73627691637471
IRIDIUM 33 DEB          
1 35850U 97051TA  25149.52399478  .00011045  00000+0  16741-2 0  9992
2 35850  86.3504  73.5275 0011461 155.8681 204.3076 14.74013923684481
IRIDIUM 33 DEB          
1 35911U 97051TU  25150.52148463  .00076467  00000+0  65443-2 0  9990
2 35911  86.2066  72.6373 0034853  13.8978 346.3203 14.96758942841410
IRIDIUM 33 DEB          
1 35915U 97051TY  25150.48554794  .00009972  00000+0  14657-2 0  9995
2 35915  86.3450  72.1459 0013636 154.9446 205.2437 14.75311688 51880
IRIDIUM 33 DEB          
1 35918U 97051UB  25150.27528868  .00004191  00000+0  10852-2 0  9999
2 35918  86.4046 159.9452 0029572 107.9590 266.6950 14.49399187823605
IRIDIUM 33 DEB          
1 35929U 97051UN  25150.01297773  .00021771  00000+0  21633-2 0  9993
2 35929  86.3388  44.8149 0019461  20.3762 339.8238 14.91457605848397
IRIDIUM 33 DEB          
1 36011U 97051US  25144.71846361  .00001261  00000+0  38899-3 0  9994
2 36011  86.3362 122.1424 0020161 159.0996 321.3715 14.40565869616313
IRIDIUM 33 DEB          
1 36012U 97051UT  25149.07567226  .00006183  00000+0  25648-2 0  9994
2 36012  86.4445  26.7284 0228337 167.9909 192.6853 14.13270859626884
IRIDIUM 33 DEB          
1 36028U 97051VK  25150.44255404  .00017937  00000+0  19927-2 0  9998
2 36028  86.3265  38.2002 0022508  33.4615 326.8026 14.86916412842019
IRIDIUM 33 DEB          
1 36080U 97051VM  25144.59763789  .00001892  00000+0  53033-3 0  9995
2 36080  86.3179  95.9641 0019514 112.0730 248.2547 14.45478050826580
IRIDIUM 33 DEB          
1 36083U 97051VQ  25141.20758991  .00001584  00000+0  47259-3 0  9993
2 36083  86.3412 122.5760 0026624 180.5837 179.5337 14.42279247824866
IRIDIUM 33 DEB          
1 36390U 97051VU  25146.40616795  .00004755  00000+0  77164-3 0  9997
2 36390  86.2977  30.8800 0033724 136.9543 223.4320 14.70603936633154
IRIDIUM 33 DEB          
1 36483U 97051VZ  25149.23504660  .00002047  00000+0  58175-3 0  9994
2 36483  86.3860 136.9659 0011973  72.6867 287.5644 14.44929428622938
IRIDIUM 33 DEB          
1 36490U 97051WG  25149.60523210  .00012036  00000+0  19454-2 0  9990
2 36490  86.3659  98.9611 0005622  56.6514 303.5240 14.71256494835801
IRIDIUM 33 DEB          
1 36493U 97051WK  25150.14720934  .00007155  00000+0  14143-2 0  9992
2 36493  86.3566  98.7821 0009149 314.8375  45.2092 14.62252637716431
IRIDIUM 33 DEB          
1 37548U 97051XH  25139.26183914  .00003776  00000+0  98125-3 0  9993
2 37548  86.3510 133.4909 0026028 162.0199 198.1932 14.49255925625256
IRIDIUM 33 DEB          
1 37550U 97051XK  25148.15960207  .00006187  00000+0  11785-2 0  9997
2 37550  86.3770 111.6221 0006158  81.9463 278.2448 14.63922344834231
IRIDIUM 33 DEB          
1 37562U 97051XX  25144.27389069  .00003850  00000+0  90037-3 0  9992
2 37562  86.3729 131.6969 0027982  71.4562 352.2139 14.54195150833844
IRIDIUM 33 DEB          
1 37565U 97051YA  25145.16186473  .00001885  00000+0  47665-3 0  9993
2 37565  86.3464  97.3042 0015199  45.2680 314.9759 14.50434590629149
IRIDIUM 33 DEB          
1 38017U 97051YD  25149.56191715  .00013825  00000+0  40744-2 0  9996
2 38017  86.3378 251.1530 0115595  37.9120 323.0146 14.39684399585587
IRIDIUM 33 DEB          
1 38022U 97051YJ  25149.61485600  .00004358  00000+0  13700-2 0  9990
2 38022  86.2693 102.6300 0045774 339.6874  20.2502 14.39689695663567
IRIDIUM 33 DEB          
1 38028U 97051YQ  25150.53990135  .00001187  00000+0  32921-3 0  9997
2 38028  86.3218  85.4963 0031102  58.1076 302.3145 14.45504755626608
IRIDIUM 33 DEB          
1 38228U 97051ZC  25150.22187110  .00000731  00000+0  28661-3 0  9996
2 38228  86.2944 131.9868 0066586 103.6299 273.6016 14.26853582823489
IRIDIUM 33 DEB          
1 38241U 97051ZR  25149.06155894  .00002760  00000+0  65846-3 0  9995
2 38241  86.3213  77.6699 0004756  37.3692 322.7844 14.53410662573286
IRIDIUM 33 DEB          
1 38474U 97051AAB 25150.56792280  .00002982  00000+0  76814-3 0  9999
2 38474  86.3408  95.4660 0027900  29.3392 330.9371 14.49576000624759
IRIDIUM 33 DEB          
1 39777U 97051AAJ 25150.29089388  .00016153  00000+0  38282-2 0  9995
2 39777  85.9593 270.0615 0065858 128.5636 232.1496 14.52593816573307
IRIDIUM 33 DEB          
1 39778U 97051AAK 25149.22105947  .00003724  00000+0  90852-3 0  9999
2 39778  86.3780 128.8282 0006929 350.4512   9.6561 14.52439401578241
IRIDIUM 33 DEB          
1 39781U 97051AAN 25147.27151017  .00003887  00000+0  16270-2 0  9996
2 39781  86.3742 339.7894 0180445 182.0072 356.1139 14.17437594 52791
IRIDIUM 33 DEB          
1 39783U 97051AAQ 25147.85075368  .00030779  00000+0  29697-2 0  9993
2 39783  86.1493 354.8422 0021425 151.1515 222.8646 14.92564654578099
IRIDIUM 33 DEB          
1 40996U 97051ABJ 25146.80744395  .00015463  00000+0  18212-2 0  9992
2 40996  86.3548  93.7127 0013616  52.0321 337.2912 14.84644209595135
IRIDIUM 33 DEB          
1 40998U 97051ABL 25144.31392686  .00001493  00000+0  42902-3 0  9992
2 40998  86.3832 140.0580 0009152  43.1989  16.4883 14.44246368 37597
IRIDIUM 33 DEB          
1 46435U 97051ABN 25148.13672426  .00006693  00000+0  22241-2 0  9991
2 46435  86.2758 278.7273 0219183 195.0373 342.5722 14.24879065 50835
IRIDIUM 33 DEB          
1 46734U 97051ABR 25148.10070432  .00002446  00000+0  75765-3 0  9991
2 46734  86.2624  89.9492 0038235 267.2237 110.0807 14.40446345601509
IRIDIUM 33 DEB          
1 46965U 97051ABX 25150.52881258  .00003143  00000+0  66832-3 0  9992
2 46965  86.3366  67.5541 0017168 273.9121 266.0056 14.58699322594068
IRIDIUM 33 DEB          
1 46972U 97051ACE 25126.27822774  .00002724  00000+0  70453-3 0  9991
2 46972  86.3879 134.2217 0011542 117.5764 257.7576 14.49554997744624
IRIDIUM 33 DEB          
1 46974U 97051ACG 25148.84329332  .00008036  00000+0  23892-2 0  9998
2 46974  86.3054 191.1408 0104434 118.1184 243.0617 14.39938662546573
IRIDIUM 33 DEB          
1 46979U 97051ACM 25148.24479410  .00019370  00000+0  28088-2 0  9995
2 46979  86.3409 139.4162 0033220 201.3997 158.5835 14.75569850324918
IRIDIUM 914             
1 24836U 97030A   25150.59390541  .00000370  00000+0  10917-3 0  9991
2 24836  86.3969 189.8177 0000762  78.7075 281.4210 14.40858090604597
IRIDIUM 16              
1 24841U 97030F   25150.52749092  .00000390  00000+0  12072-3 0  9995
2 24841  86.4067 212.6875 0004431 108.5286 251.6394 14.38702567464462
IRIDIUM 911             
1 24842U 97030G   25150.62851760  .00000510  00000+0  13266-3 0  9993
2 24842  86.4491 211.4336 0015449 148.4874 211.7257 14.47622510472542
IRIDIUM 69              
1 25319U 98026A   25150.41496634  .00000553  00000+0  16619-3 0  9993
2 25319  86.3959 102.9329 0004683  84.3561 275.8173 14.40950318420505
IRIDIUM 71              
1 25320U 98026B   25150.56301397  .00000462  00000+0  13720-3 0  9991
2 25320  86.3959  97.5632 0003884 114.0515 246.1091 14.41144224421058
